start=581.000000
speed=1.331000
sid=no
